Building: Teachers-Dyer Hall
39.13025735206606,-84.51959907162772
39.13028231956234,-84.51959907162772
39.13029480330715,-84.51975463975059
39.13005553114619,-84.51978146184074
39.13004194842232,-84.519610494142
39.13007523851723,-84.51960512972397
39.130080960250694,-84.51956154382746
39.130069516783294,-84.51952533400576
39.13006535552196,-84.51945894933264
39.13005755315628,-84.5194582787804
39.13004038794875,-84.51921780853395
39.13004712386145,-84.51921694158152
39.130039016792345,-84.51909990539394
39.130044738528746,-84.51909789373718
39.13003079248036,-84.51891562592726
39.13002246995288,-84.51891428482274
39.13000589248553,-84.51868119940838
39.13001471986101,-84.5186783544961
39.13000589248553,-84.51856076478877
39.13021039306702,-84.51853705718648
39.130203772553905,-84.51838912174821
39.13020067326825,-84.51838676663915
39.130336456342924,-84.51837550612679
39.1303473172754,-84.51851188963356
39.13064813935415,-84.51848191696386
39.13066998579265,-84.51869381147603
39.130247620113884,-84.5187394090293
39.13024553948849,-84.5187206335662
39.13019352383408,-84.5187259979842
39.13020288665472,-84.51883999186735
39.130234096047836,-84.51883596855383
39.13025906355233,-84.51895532685501
39.130251781364436,-84.51907736736517
39.130218491353794,-84.51908541399263
39.13022681385813,-84.5192047722938
39.130457762961136,-84.51918197351716
39.130472327293575,-84.51939386802934
39.130243718942076,-84.51942270177626
39.13025914382836,-84.51952987397601
